BLEU,ROUGHLS,BLEU_ANS,ROUGHLS_ANS
0.0441930381504679,0.013106080621754078,0.0417751585407163,0.012564574614772419
0.0,0.0,0.537284965911771,0.09541207563138922
0.03739599613580754,0.011461699025587259,0.09989437043956935,0.024784424606685045
0.027522274654070197,0.00893398162403395,0.537284965911771,0.09541207563138922
0.012305154786943892,0.004515348887140994,0.009619106771702014,0.0036587509029104726
0.0,0.0,0.537284965911771,0.09541207563138922
0.0,0.0,0.537284965911771,0.09541207563138922
0.012305154786943892,0.004515348887140994,0.00953508905909944,0.003626793685973301
0.010436402839380531,0.003930979268267287,0.005712247689360346,0.0023223588169299946
0.05229996063452286,0.014939876919185184,0.07850691379498788,0.020912108299595635
0.0,0.0,0.537284965911771,0.09541207563138922
0.01338933412563726,0.0048555220560006,0.06614078355422255,0.018096590494468854
0.05229996063452286,0.014939876919185184,0.07925113835279135,0.020954019880351907
0.04476338885968323,0.01327522632185732,0.047633484413888344,0.013908706042930666
0.0,0.0,0.537284965911771,0.09541207563138922
0.0,0.0,0.537284965911771,0.09541207563138922
0.016488594115938515,0.0058037774142693415,0.0,0.0
0.0,0.0,0.0,0.0
0.028832715521976752,0.009225047370992666,0.059999429499275836,0.016613022348960733
0.0,0.0,0.537284965911771,0.09541207563138922
0.030105201742466847,0.009545934348700462,0.10415465410601968,0.025841427907968215
0.031367820888684436,0.009899413725106047,0.058297837453414166,0.016047764496567467
0.01338933412563726,0.0048555220560006,0.01407564173442113,0.00504727474884085
0.0,0.0,0.5946035575013605,0.08032423517939204
0.014899126679871543,0.0052443049000393425,0.0,0.0
0.0,0.0,0.537284965911771,0.09541207563138922
0.0,0.0,0.537284965911771,0.09541207563138922
0.028832715521976752,0.009225047370992666,0.0418286448568372,0.012494543249011782
0.019644427880115126,0.006686131037695251,0.03256662985467561,0.010252872307523328
0.012305154786943892,0.004515348887140994,0.009174619386157582,0.003489684412456573
0.020282370745121077,0.006903259763256664,0.04771854659890558,0.013816930225553754
0.0,0.0,0.4854917717073234,0.08621454270909737
0.0,0.0,0.537284965911771,0.09541207563138922
0.05386287027131292,0.01538633380607697,0.19205612637498934,0.03848196746087264
0.026665193869222243,0.008586170046847797,0.408248290463863,0.07249749990681824
0.0,0.0,0.4854917717073234,0.08621454270909737
0.05229996063452286,0.014939876919185184,0.08120224586769673,0.021303602180699877
0.0441930381504679,0.013106080621754078,0.06196731632998475,0.017254982797994676
0.02504403847238799,0.008145357385595317,0.09989437043956935,0.024784424606685045
0.024816268222231774,0.008161550734025667,0.0270269862882305,0.008720641228206816
0.03354190653078364,0.010425799395376783,0.0316171091780341,0.00982751643677091
0.012459671864846271,0.0044596589358500685,0.058411419334947166,0.016353712999381424
0.0441930381504679,0.013106080621754078,0.0469576609347755,0.013711369437734709
0.0,0.0,0.5946035575013605,0.08032423517939204
0.0,0.0,0.5946035575013605,0.08032423517939204
0.0,0.0,0.537284965911771,0.09541207563138922
0.0,0.0,0.09500653305583746,0.023571721262204533
0.019181881942889754,0.006528699995869241,0.058193780397898284,0.016204230539351838
0.020482221189849662,0.006971280388217175,0.03291498560650018,0.010362544295597827
0.019417286494883054,0.006608821732735417,0.031448385753241076,0.009900818256127422
0.04867059749733551,0.01390312205538104,0.07679634266158697,0.020147703003938672
0.041657027182697995,0.01235399012080052,0.04734645649724963,0.013767717020997794
0.05146289116816479,0.01470076173346662,0.07981366156683993,0.02093930378939657
0.020482221189849662,0.006971280388217175,0.2259005009024612,0.04651946694877342
0.0,0.0,0.537284965911771,0.09541207563138922
0.06833324073248963,0.018332123005712218,0.06686284897169704,0.017937653164438908
0.0,0.0,0.537284965911771,0.09541207563138922
0.019181881942889754,0.006528699995869241,0.05712555073098518,0.015906778824180928
0.029306200831360887,0.009248784216481657,0.03996487723614135,0.011937821289154039
0.42044820762685725,0.08032423517939204,0.4518010018049224,0.08631400792049747
0.015553143560804176,0.005480258427172105,0.31947155212313627,0.061033220311973134
0.03673982449944738,0.011357706836001522,0.537284965911771,0.09541207563138922
0.025707323500504153,0.008393001515035851,0.04145693415982024,0.012339536054937322
0.014362912216711368,0.005060872125730949,0.31947155212313627,0.061033220311973134
0.010681761610975702,0.004006209259581931,0.07514384223429621,0.019714165589668167
0.01559075973055755,0.00562527999223617,0.07660389406004603,0.019587289741442658
0.03783774168843774,0.011697115685462603,0.537284965911771,0.09541207563138922
0.02299235613564538,0.007652302463196081,0.023238298670798466,0.007734156913277381
0.01933772664390828,0.006608468231465587,0.03018197479259031,0.009525170925097819
0.02507989829634593,0.008172683608491141,0.01069020483870077,0.003965118717796057
0.027865267924830243,0.009027482669842974,0.537284965911771,0.09541207563138922
0.42044820762685725,0.08032423517939204,0.4518010018049224,0.08631400792049747
0.009827748138624956,0.003645223705833416,0.03465553974838392,0.01071337345967625
0.021469138642059064,0.00716836211786873,0.03063084554268473,0.009643434074144076
0.0,0.0,0.4854917717073234,0.08621454270909737
0.025384852031061073,0.008256204054366787,0.04488146421660841,0.013209925924489583
0.015553143560804176,0.005480258427172105,0.0560297561081324,0.015850397163128242
0.014582256758256983,0.005138159702198062,0.01044995959563903,0.0038942625020526953
0.027712866073201857,0.00892351961725942,0.19820118583378685,0.041856451086776374
0.042263839973198034,0.012711553693625859,0.33980884896942454,0.0645584151318007
0.008437308125603296,0.0031948290284045753,0.005142241526972988,0.002093756559859353
0.015553143560804176,0.005480258427172105,0.14498922073576034,0.03260471901230355
0.02777995297312079,0.009069679594861553,0.03712045520336763,0.011343393732058416
0.0,0.0,0.5,0.06754436142034707
0.02431734921733203,0.007909007976644004,0.018036635655805693,0.006196045641604341
0.0,0.0,0.14498922073576034,0.03260471901230355
0.02037046243654942,0.007024240739233852,0.02419330473997238,0.00812822714489864
0.014362912216711368,0.005060872125730949,0.31947155212313627,0.061033220311973134
0.015553143560804176,0.005480258427172105,0.0560297561081324,0.015850397163128242
0.035533590301761724,0.010984812991800411,0.07101804539861696,0.01905238987522065
0.059999429499275836,0.016613022348960733,0.14991106946711685,0.03371152884335578
0.0,0.0,0.0,0.0
0.024102573887162314,0.007869078208287594,0.06508218944205622,0.017806951589117437
0.0,0.0,0.4854917717073234,0.08621454270909737
0.041553900075394896,0.012455673519915911,0.07981366156683993,0.02093930378939657
0.0,0.0,0.537284965911771,0.09541207563138922
0.0,0.0,0.537284965911771,0.09541207563138922
0.42044820762685725,0.08032423517939204,0.4518010018049224,0.08631400792049747
0.026002198841202074,0.008566708729798221,0.09384913876813997,0.02377025695972189
0.06104328921235625,0.016902052842872245,0.03655611574333992,0.011269248009534738
0.027865267924830243,0.009027482669842974,0.05045905960442473,0.014546570394660237
0.0,0.0,0.5,0.06754436142034707
0.0,0.0,0.5,0.06754436142034707
0.0,0.0,0.4854917717073234,0.08621454270909737
0.04097542897692061,0.01236500533050375,0.06508218944205622,0.017806951589117437
0.024102573887162314,0.007869078208287594,0.145507319742286,0.03329716655293615
0.0341902592017441,0.010569537169840153,0.21105340631872635,0.044570604061297245
0.01407564173442113,0.00504727474884085,0.009741358056957364,0.0037032023739555415
0.03210822339212325,0.009925899028670308,0.537284965911771,0.09541207563138922
0.01933772664390828,0.006608468231465587,0.03018197479259031,0.009525170925097819
0.03673982449944738,0.011357706836001522,0.537284965911771,0.09541207563138922
0.03319817902997472,0.01026284665342421,0.06971440809472865,0.018702656141630098
0.014582256758256983,0.005138159702198062,0.010679766352699998,0.003979901860611974
0.0,0.0,0.537284965911771,0.09541207563138922
0.015968414546962708,0.005539739795969829,0.008350459520983355,0.0031967114224492367
0.0,0.0,0.5,0.06754436142034707
0.019205390538195755,0.006580544590675725,0.0417751585407163,0.012564574614772419
0.019002130286467238,0.0065108993966687964,0.00983974864502911,0.003712873964845859
0.010991004723371025,0.004073890172242387,0.016537368362684306,0.0057438764951180405
0.02077511228208772,0.007011084056936722,0.28867513459481287,0.05621525181272777
0.03433825943620927,0.01055529183622184,0.1543909476981724,0.03471894974121068
0.059999429499275836,0.016613022348960733,0.04970006053595142,0.014327762643077405
0.4518010018049224,0.08631400792049747,0.537284965911771,0.09541207563138922
0.020193954887340645,0.006844475689408177,0.009711541774387577,0.0036709534086771696
0.012863228881411302,0.004664734702936832,0.012082342966052335,0.0044133107469163865
0.4518010018049224,0.08631400792049747,0.537284965911771,0.09541207563138922
0.0053860591135469465,0.0021982058903875197,0.06396926324698679,0.017502447038060406
0.0,0.0,0.537284965911771,0.09541207563138922
0.4518010018049224,0.08631400792049747,0.42044820762685725,0.08032423517939204
0.02247534373199162,0.007480230698708707,0.021569471602226033,0.00722450904383515
0.4518010018049224,0.08631400792049747,0.537284965911771,0.09541207563138922
0.019205390538195755,0.006580544590675725,0.13772189945992538,0.03202587198138685
0.02247534373199162,0.007480230698708707,0.024266276053059557,0.008008751029423956
0.4518010018049224,0.08631400792049747,0.4854917717073234,0.08621454270909737
0.42044820762685725,0.08032423517939204,0.42044820762685725,0.08032423517939204
0.4518010018049224,0.08631400792049747,0.537284965911771,0.09541207563138922
0.028910977843723127,0.009188405330355077,0.03262207444688115,0.010139888850148913
0.016058396107734425,0.005681598887223964,0.2173604359724957,0.044760819815797624
0.022013091764765333,0.0073499834219980555,0.01924747729645965,0.006476328711548239
0.0,0.0,0.537284965911771,0.09541207563138922
0.4518010018049224,0.08631400792049747,0.42044820762685725,0.08032423517939204
0.022013091764765333,0.0073499834219980555,0.020682760366231814,0.006959268102035236
0.019824249926715776,0.00673803366654014,0.026353343322533546,0.008537665985425583
0.0,0.0,0.408248290463863,0.07249749990681824
0.03029429841403451,0.009713643668801786,0.08325086580696303,0.021663827337650425
0.4518010018049224,0.08631400792049747,0.537284965911771,0.09541207563138922
0.020193954887340645,0.006844475689408177,0.03332099907281922,0.010411672228268753
0.0,0.0,0.11919409425012335,0.02889162181658404
0.02307962254350132,0.007603834011551625,0.03598225763658026,0.011028394745626849
0.02077511228208772,0.007011084056936722,0.28867513459481287,0.05621525181272777
0.02941526521931994,0.009431788149000407,0.13098315887047426,0.030458844193650494
0.02077511228208772,0.007011084056936722,0.0352405577824888,0.010863697566598244
0.03029429841403451,0.009713643668801786,0.030009813404610567,0.009622425645763513
0.0,0.0,0.5946035575013605,0.08032423517939204
0.09246523455174717,0.02318614225634142,0.10569871139626612,0.025930314623390724
0.02247534373199162,0.007480230698708707,0.33980884896942454,0.0645584151318007
0.0,0.0,0.5946035575013605,0.08032423517939204
0.42044820762685725,0.08032423517939204,0.42044820762685725,0.08032423517939204
0.019824249926715776,0.00673803366654014,0.06192076064034154,0.017045053943872
0.4518010018049224,0.08631400792049747,0.4518010018049224,0.08631400792049747
0.020577711683401292,0.006954589062767426,0.007311153755654194,0.002847887959375181
0.0,0.0,0.537284965911771,0.09541207563138922
0.016058396107734425,0.005681598887223964,0.23356898886410005,0.048098631097827506
0.0,0.0,0.0,0.0
0.4518010018049224,0.08631400792049747,0.4854917717073234,0.08621454270909737
0.011046073907076615,0.004119111111312052,0.010946099155199656,0.004081830253446052
0.014687035782215863,0.005242229675486341,0.00873988436473255,0.0033457905052314933
0.005287999425987003,0.0021787179404456256,0.537284965911771,0.09541207563138922
0.0,0.0,0.5946035575013605,0.08032423517939204
0.019235483799584698,0.006599405433223734,0.053204253451782306,0.015268953459788785
0.014153569379712952,0.005047046290624842,0.04718595618828885,0.01360298504794386
0.010279530051926415,0.0038332648153684462,0.10957783836479826,0.026560724215673535
0.042334599404591645,0.012554933901514657,0.11374853510120092,0.02721958894643502
0.028449509412781702,0.009122125662430237,0.015559940338314067,0.005499654923403649
0.018586744302916968,0.006317419792798962,0.04604158127774968,0.013331364036209343
0.014153569379712952,0.005047046290624842,0.04123518039288797,0.012317270773727348
0.014153569379712952,0.005047046290624842,0.03256829922692585,0.01015003760120424
0.014443042703444386,0.005159980258753283,0.00947792048251721,0.003599044278176518
0.013591458098436938,0.00492473248697491,0.044206362663008765,0.0130112238172785
0.035559438013745594,0.010866372841355876,0.09873345024742138,0.02475793019932229
0.0305850336175956,0.009531945131357527,0.050461715329220176,0.014202635153279458
0.024622661592111728,0.008181490084813482,0.0505828593169615,0.014449374019548121
0.011046073907076615,0.004119111111312052,0.010843307498539937,0.004043498964097538
0.014903345769584915,0.005234651665497869,0.00851298501667488,0.003245108252826794
0.019235483799584698,0.006599405433223734,0.053204253451782306,0.015268953459788785
0.01313648415880258,0.004688792763221651,0.28867513459481287,0.05621525181272777
0.014443042703444386,0.005159980258753283,0.022957426518253825,0.007615536579503038
0.015083325574663532,0.0053631191120726415,0.031448385753241076,0.009900818256127422
0.014153569379712952,0.005047046290624842,0.03427414295829856,0.010565778378182426
0.015083325574663532,0.0053631191120726415,0.051941460184453635,0.014766600051626654
0.01362367532551365,0.004867249732256899,0.008394594441849179,0.0031876736198915272
0.018586744302916968,0.006317419792798962,0.04512941503974197,0.013067245822999824
0.019235483799584698,0.006599405433223734,0.053204253451782306,0.015268953459788785
0.014903345769584915,0.005234651665497869,0.061550934560379765,0.016840775047333587
0.00695617553391977,0.0027853357741937945,0.537284965911771,0.09541207563138922
0.01313648415880258,0.004688792763221651,0.28867513459481287,0.05621525181272777
0.038506191225329035,0.011766851613156234,0.537284965911771,0.09541207563138922
0.03499030336352732,0.010692454757953777,0.31947155212313627,0.061033220311973134
0.028449509412781702,0.009122125662430237,0.2626909894424158,0.05263495780525082
0.030105201742466847,0.009545934348700462,0.2626909894424158,0.05263495780525082
0.02396414917635685,0.007881306631163038,0.025992180202206366,0.008403811213851309
0.02082662583517543,0.006986465636917778,0.03696205692442907,0.01119015894479977
0.027082517370768285,0.008526322607154998,0.06614078355422255,0.018096590494468854
0.014903345769584915,0.005234651665497869,0.04806831859209936,0.013857356550727593
0.024622661592111728,0.008181490084813482,0.10209116374860236,0.025329462909690664
0.015083325574663532,0.0053631191120726415,0.10415465410601968,0.025841427907968215
0.01313648415880258,0.004688792763221651,0.09873345024742138,0.02475793019932229
0.038506191225329035,0.011766851613156234,0.31947155212313627,0.061033220311973134
0.02396414917635685,0.007881306631163038,0.0229236745247559,0.007525623688293154
0.09469491246884826,0.023745245681778555,0.05239530101601438,0.014822237115983882
0.013838665501804662,0.00496678555505656,0.0,0.0
0.015711815508315526,0.005518618603511728,0.2295748846661433,0.044706344276931285
0.0153763425064725,0.005467305997077976,0.028898763368489667,0.009205360855892818
0.015083325574663532,0.0053631191120726415,0.04406084247760669,0.012812304358483234
0.0,0.0,0.537284965911771,0.09541207563138922
0.0,0.0,0.4854917717073234,0.08621454270909737
0.014179789796597283,0.005093784518392807,0.04743001532077802,0.013611819535939155
0.04629278493414359,0.013677607643349883,0.05337507651464762,0.015099408245447084
0.0,0.0,0.537284965911771,0.09541207563138922
0.04573155655134067,0.013511787815719932,0.07146704964214272,0.018749550315211295
0.023225980090973375,0.0077046223293790374,0.03739599613580754,0.011461699025587259
0.022738257950731557,0.007567733654552098,0.04019308087781546,0.011919835803724983
0.0,0.0,0.4854917717073234,0.08621454270909737
0.42044820762685725,0.08032423517939204,0.537284965911771,0.09541207563138922
0.0,0.0,0.537284965911771,0.09541207563138922
0.05906923214138177,0.016710242103410242,0.07101804539861696,0.01905238987522065
0.05370468098539559,0.015267871603827098,0.044951410478340934,0.013071269635489272
0.03053999615538461,0.009661145945261393,0.10052686727030012,0.024661542813423597
0.014319136353024777,0.005106086109916022,0.01410608690339036,0.005048956119468288
0.0,0.0,0.5946035575013605,0.08032423517939204
0.0,0.0,0.12235658356446437,0.02799946799246989
0.01975858482396588,0.006668031304282228,0.009268730359619058,0.0035254807308984213
0.014319136353024777,0.005106086109916022,0.024162638015665545,0.007903418823296832
0.0,0.0,0.537284965911771,0.09541207563138922
0.012739777769129603,0.004646161427236048,0.0044224886809107996,0.0018829253804138694
0.01796000742885762,0.006161808657461506,0.06078411694643528,0.0167321677183599
0.012713870049246418,0.00461815074300802,0.025689649587770518,0.008402892928505962
0.16463248243504294,0.03632380731620866,0.0,0.0
0.42044820762685725,0.08032423517939204,0.42044820762685725,0.08032423517939204
0.022738257950731557,0.007567733654552098,0.014473706667975155,0.005126081293019052
0.04604158127774968,0.013331364036209343,0.10209116374860236,0.025329462909690664
0.0,0.0,0.537284965911771,0.09541207563138922
0.04604158127774968,0.013331364036209343,0.06494357672103247,0.017657408171530744
0.4518010018049224,0.08631400792049747,0.4518010018049224,0.08631400792049747
0.026682623155989453,0.00860952756956691,0.029199827412032985,0.009170271300490288
0.0,0.0,0.4854917717073234,0.08621454270909737
0.42044820762685725,0.08032423517939204,0.4854917717073234,0.08621454270909737
0.023225980090973375,0.0077046223293790374,0.03806095812063853,0.01163079578136802
0.0242670086972961,0.007995031363417003,0.021855141522178843,0.007261912892600757
0.031093270271332244,0.009764911277868885,0.03553951152831888,0.010689099933275093
0.4518010018049224,0.08631400792049747,0.4854917717073234,0.08621454270909737
0.021318848782998164,0.007095326729117858,0.017872629755798453,0.006123886771620868
0.37991784282579627,0.07258113984652705,0.4854917717073234,0.08621454270909737
0.0,0.0,0.5,0.06754436142034707
0.0,0.0,0.5946035575013605,0.08032423517939204
0.007896979685623246,0.003054882534175647,0.05229996063452286,0.014939876919185184
0.0,0.0,0.537284965911771,0.09541207563138922
0.0,0.0,0.537284965911771,0.09541207563138922
0.033847903718019566,0.01054883133644888,0.09560408787521255,0.02421475322014481
0.0,0.0,0.537284965911771,0.09541207563138922
0.02701340978156871,0.008733995928030588,0.1280220256953781,0.030215670400468755
0.008907409497802238,0.003418724393318366,0.1543909476981724,0.03471894974121068
0.0,0.0,0.4854917717073234,0.08621454270909737
0.018792129763388975,0.006438944712725589,0.24149779367932211,0.048388512325272214
0.0,0.0,0.4854917717073234,0.08621454270909737
0.018476293964045914,0.006271129280560494,0.028347277952981684,0.008857554539858616
0.025623403366538625,0.008284578010523094,0.15320778812009203,0.033803111589552175
0.0,0.0,0.4854917717073234,0.08621454270909737
0.026685913989140796,0.008628109742590045,0.05430368687846612,0.015362105142572859
0.0,0.0,0.537284965911771,0.09541207563138922
0.006721207859337566,0.0026749253034513447,0.35930411196308426,0.06826221297363252
0.03539349017910929,0.010609106668723351,0.03916933565631114,0.01174090653444824
0.42044820762685725,0.08032423517939204,0.42044820762685725,0.08032423517939204
0.02848316346268207,0.00911320794667054,0.2049293843170881,0.04327732306356965
0.0,0.0,0.537284965911771,0.09541207563138922
0.03004688662523399,0.009549416651357405,0.03743376229463581,0.011369003694296949
0.02930441491875803,0.009313446390430972,0.03675607292547567,0.011197924107023522
0.03828021542012405,0.011662261851100985,0.0560297561081324,0.015850397163128242
0.01545131580077055,0.005466808644576992,0.009170004789362704,0.003497448968882278
0.04126271642184971,0.012570895913672383,0.3021375397356768,0.05883685791697665
0.03004688662523399,0.009549416651357405,0.03111714675072137,0.009697780266673893
0.015005684717002199,0.005380771618815788,0.005822618147055808,0.002366514706999354
0.37991784282579627,0.07258113984652705,0.4854917717073234,0.08621454270909737
0.012924904088838143,0.0046909649158427555,0.033631947017542255,0.010425595975224047
0.42044820762685725,0.08032423517939204,0.537284965911771,0.09541207563138922
0.01985926776999551,0.006682181985106364,0.02178902383195116,0.007286666616531884
0.0,0.0,0.537284965911771,0.09541207563138922
0.42044820762685725,0.08032423517939204,0.537284965911771,0.09541207563138922
0.0,0.0,0.14991106946711685,0.03371152884335578
0.020145086083126436,0.006778353203760387,0.02088704823122958,0.007017423796980667
0.017655631434798043,0.006095616707549235,0.041268699387254366,0.012412248590280978
0.028832715521976752,0.009225047370992666,0.2049293843170881,0.04327732306356965
0.010478372558817662,0.0038838795963476737,0.026028960314767677,0.008449238155918675
0.37991784282579627,0.07258113984652705,0.537284965911771,0.09541207563138922
0.014944021447243891,0.005287323531919704,0.009170004789362704,0.003497448968882278
0.42044820762685725,0.08032423517939204,0.4854917717073234,0.08621454270909737
0.01862394873708509,0.00642992880212527,0.04074287610703542,0.012254098482195667
0.03620319252441631,0.011029486287676603,0.0,0.0
0.0458960902044774,0.013455575549411592,0.05649366788955774,0.015816791330654157
0.0,0.0,0.4854917717073234,0.08621454270909737
0.020419231903711067,0.006870596899994268,0.14075056409747772,0.03273015812859489
0.011492045408954378,0.004170923161529067,0.004998598794738581,0.002065441365029619
0.008693750570832591,0.0033104127475989307,0.009777710433752706,0.003723163782823617
0.42044820762685725,0.08032423517939204,0.4854917717073234,0.08621454270909737
0.0,0.0,0.537284965911771,0.09541207563138922
0.021418199538289762,0.007206726288489222,0.09384913876813997,0.02377025695972189
0.0,0.0,0.537284965911771,0.09541207563138922
0.0,0.0,0.537284965911771,0.09541207563138922
0.016956367620745042,0.00588940629992529,0.01796000742885762,0.006161808657461506
0.4518010018049224,0.08631400792049747,0.4854917717073234,0.08621454270909737
0.029306200831360887,0.009248784216481657,0.03063084554268473,0.009643434074144076
0.029306200831360887,0.009248784216481657,0.031131008245520005,0.009727375018964658
0.016312704341754435,0.005717299360566357,0.10569871139626612,0.025930314623390724
0.029742046942822772,0.009363615787997968,0.08120224586769673,0.021303602180699877
0.009115303892512668,0.003465206269671034,0.015693777775216473,0.005482174905610894
0.009899806080479688,0.0037634367985014453,0.021972168567006668,0.007324603862386155
0.02334117107766626,0.007676422185479336,0.058898054573110994,0.016308066678287526
0.009899806080479688,0.0037634367985014453,0.017484924521728173,0.006065845292134526
0.0,0.0,0.4854917717073234,0.08621454270909737
0.0,0.0,0.4854917717073234,0.08621454270909737
0.0,0.0,0.5946035575013605,0.08032423517939204
0.012109052859049127,0.0044532998252615795,0.5946035575013605,0.08032423517939204
0.009052245733260422,0.003439322929340322,0.013950194612176604,0.0049931579847274305
0.009899806080479688,0.0037634367985014453,0.021972168567006668,0.007324603862386155
0.025081720613609467,0.008248852464499253,0.2259005009024612,0.04651946694877342
0.009899806080479688,0.0037634367985014453,0.021972168567006668,0.007324603862386155
0.02482080445711651,0.008133653848450492,0.0015846687893378518,0.0007284301497027587
0.009115303892512668,0.003465206269671034,0.022253449543533563,0.007357105587093841
0.02334117107766626,0.007676422185479336,0.058898054573110994,0.016308066678287526
0.025081720613609467,0.008248852464499253,0.3021375397356768,0.05883685791697665
0.025391770753606453,0.008320756656613078,0.2173604359724957,0.044760819815797624
0.0,0.0,0.4854917717073234,0.08621454270909737
0.025081720613609467,0.008248852464499253,0.2173604359724957,0.044760819815797624
0.04655663535817981,0.013649230720905325,0.05675341573922364,0.01597345734658041
0.037599341668133175,0.011557721057301615,0.14638127686891575,0.03229693932231752
0.016312704341754435,0.005717299360566357,0.09989437043956935,0.024784424606685045
0.012109052859049127,0.0044532998252615795,0.5946035575013605,0.08032423517939204
0.0,0.0,0.537284965911771,0.09541207563138922
0.011778959147531272,0.004295753555204128,0.006946697174898984,0.002736009227380668
0.006282511002429652,0.002472404765200277,0.015670103001656922,0.0055329258154487426
0.02592662771515763,0.00849602661578009,0.2173604359724957,0.044760819815797624
0.008225711612828345,0.0031252883973523914,0.007812050377776326,0.0029664645599026354
0.0,0.0,0.5,0.06754436142034707
0.02592662771515763,0.00849602661578009,0.2259005009024612,0.04651946694877342
0.012109052859049127,0.0044532998252615795,0.5946035575013605,0.08032423517939204
0.050966868329637996,0.014626851990728502,0.0524899404066143,0.015063954574647482
0.0,0.0,0.4854917717073234,0.08621454270909737
0.0,0.0,0.4854917717073234,0.08621454270909737
0.026937712842697414,0.008618739946664728,0.05015113522473638,0.014392746820440934
0.008191473069798342,0.003114009601218262,0.0,0.0
0.025081720613609467,0.008248852464499253,0.2259005009024612,0.04651946694877342
0.025391770753606453,0.008320756656613078,0.009256933983614834,0.003530603850235836
0.016192088285404468,0.005681190801510248,0.049235303926140186,0.014256108106130249
0.00930731034180185,0.0035381980162699223,0.022253449543533563,0.007357105587093841
0.00930731034180185,0.0035381980162699223,0.020779994053849882,0.006927182642123954
0.03019625536190029,0.009506613112025195,0.033011507217190546,0.010288165101660921
0.021637905063651403,0.007333883630230666,0.009579398949670711,0.0036456532946917727
0.01233705605985574,0.004513329233771823,0.019235483799584698,0.006599405433223734
0.021637905063651403,0.007333883630230666,0.05649366788955774,0.015816791330654157
0.008225711612828345,0.0031252883973523914,0.23356898886410005,0.048098631097827506
0.00930731034180185,0.0035381980162699223,0.0,0.0
0.016192088285404468,0.005681190801510248,0.2527600769504432,0.05064511734253788
0.0054638303480007,0.002223368511907749,0.0,0.0
0.019960459520897953,0.006765335502747247,0.026631654860597032,0.00855742656084683
0.02250199860834248,0.007501227082590455,0.09198981913847798,0.023299325569754524
0.0,0.0,0.5,0.06754436142034707
0.0,0.0,0.5,0.06754436142034707
0.0,0.0,0.537284965911771,0.09541207563138922
0.013098860593032611,0.004697018406494625,0.1543909476981724,0.03471894974121068
0.039440181312615626,0.011419925209794585,0.08325086580696303,0.021663827337650425
0.0035442270303152348,0.001530384537544596,0.024711104759736386,0.008183522565514334
0.017037049082448078,0.005951408531663726,0.013697377446918218,0.004937857138182338
0.017204922053452174,0.0060100501794652095,0.2626909894424158,0.05263495780525082
0.013772762675674531,0.004938667705978569,0.04828170803616855,0.01409798364718988
0.02691157071386012,0.008752756130517542,0.08120224586769673,0.021303602180699877
0.06941254212572458,0.018489614839197366,0.08789100965204209,0.02226117267884486
0.020282370745121077,0.006903259763256664,0.036942627550088175,0.011322743660999553
0.020282370745121077,0.006903259763256664,0.035471741665693245,0.010871923973065726
0.020282370745121077,0.006903259763256664,0.05388251361725397,0.015165431397936123
0.0,0.0,0.537284965911771,0.09541207563138922
0.0,0.0,0.537284965911771,0.09541207563138922
0.014302202178711343,0.005018101311384064,0.028075652807644815,0.0092169690162601
0.0,0.0,0.537284965911771,0.09541207563138922
0.005085279398407859,0.002084938839302618,0.01470812339885599,0.005224612015901028
0.01697989291321076,0.005951136541272236,0.026626752103854238,0.008660121335569265
0.020282370745121077,0.006903259763256664,0.034312041571388376,0.010420906248044549
0.006448306674282766,0.002467241979250561,0.07563940168064981,0.019515494090613195
0.0,0.0,0.5,0.06754436142034707
0.0,0.0,0.5,0.06754436142034707
0.03536222263788742,0.010961965592305393,0.04806951228409178,0.01397797198409552
0.0,0.0,0.537284965911771,0.09541207563138922
0.017204922053452174,0.0060100501794652095,0.02301000673732091,0.007567509171611784
0.019863952765391005,0.006760848008733908,0.06971440809472865,0.018702656141630098
0.014604547276877865,0.005251043507860833,0.02926602059288338,0.009213749578238948
0.005919519180056456,0.002368591255344322,0.005936135464234758,0.0023744065934170632
0.007271449040764422,0.002819527352996044,0.061550934560379765,0.016840775047333587
0.016619155353690983,0.005779018247607003,0.026937712842697414,0.008618739946664728
0.015893952411462207,0.005645841586802528,0.008204582702984669,0.0031901454075045073
0.013421267934892232,0.0048590044489237325,0.023986418088876176,0.00790258771934943
0.03317081335405882,0.010166700138630837,0.07514384223429621,0.019714165589668167
0.017456575125911537,0.006131448029826302,0.24028114141347542,0.0456496931223525
0.006016832155635303,0.002444708195277299,0.021469138642059064,0.00716836211786873
0.015893952411462207,0.005645841586802528,0.008229326862807905,0.003208397081298115
0.013421267934892232,0.0048590044489237325,0.004993497381515401,0.0020518365867166193
0.0,0.0,0.408248290463863,0.07249749990681824
0.02322039254646624,0.007753090846692945,0.24028114141347542,0.0456496931223525
0.03397479485389757,0.010560353667455651,0.31947155212313627,0.061033220311973134
0.03555921414772728,0.01105283723276738,0.31947155212313627,0.061033220311973134
0.0,0.0,0.537284965911771,0.09541207563138922
0.015945892413822074,0.005588738604662271,0.02737398874487613,0.00877726788148138
0.0,0.0,0.4854917717073234,0.08621454270909737
0.06365692807829748,0.017307583271129783,0.08370875825692524,0.0215974444641001
0.02530194530415163,0.008336002545080625,0.1880301546543197,0.040629573461213035
0.0,0.0,0.537284965911771,0.09541207563138922
0.0425580087409801,0.012574135396465517,0.04970006053595142,0.014327762643077405
0.0,0.0,0.5,0.06754436142034707
0.07653441199848256,0.019916048570212612,0.07653441199848256,0.019916048570212612
0.045205726769549065,0.013253178410268705,0.31947155212313627,0.061033220311973134
0.025410079055099642,0.008295956286637526,0.045205726769549065,0.013253178410268705
0.0,0.0,0.5,0.06754436142034707
0.02444946265921213,0.007982331460393198,0.018683224875862367,0.006358978255263463
0.04890460289800951,0.014098444446959508,0.049235303926140186,0.014256108106130249
0.021448571595161697,0.007115012714128362,0.05388251361725397,0.015165431397936123
0.02444946265921213,0.007982331460393198,0.0429189707176453,0.012582759237690406
0.025410079055099642,0.008295956286637526,0.045205726769549065,0.013253178410268705
0.007324031861508534,0.0028983695633514866,0.0009253397322666519,0.0004533793027334056
0.0049377972746597115,0.002031705658700916,0.537284965911771,0.09541207563138922
0.025410079055099642,0.008295956286637526,0.039426371659216,0.011897551969577081
0.016253499340839875,0.005690313434294568,0.016187049563106414,0.005660791651033006
0.029379390334328338,0.009004646602925616,0.05692516180067106,0.015669905272835613
0.005977208555500911,0.002367213861612965,0.028906550774020778,0.009165859053086286
0.018350320512112037,0.006262655477361594,0.2259005009024612,0.04651946694877342
0.018673724908045544,0.006381552500475605,0.09500653305583746,0.023571721262204533
0.0,0.0,0.4854917717073234,0.08621454270909737
0.027358667799870097,0.008827662981730915,0.31947155212313627,0.061033220311973134
0.04488291050505991,0.012697038266048828,0.16990442448471224,0.036712963985365485
0.019002966530465622,0.006422377046885872,0.053724915288268275,0.014875695082913998
0.0,0.0,0.5946035575013605,0.08032423517939204
0.0,0.0,0.4854917717073234,0.08621454270909737
0.010472830131764166,0.003963309772704187,0.10415465410601968,0.025841427907968215
0.015454889980591436,0.005223243987425202,0.02230115366776527,0.007334382247033924
0.007189194959562126,0.0028150955617858215,0.08039313477786734,0.020362099179073112
0.0,0.0,0.537284965911771,0.09541207563138922
0.014363092844127777,0.004908438541606436,0.0305850336175956,0.009531945131357527
0.0,0.0,0.14498922073576034,0.03260471901230355
0.020339779076496246,0.006874175675160666,0.03813691396986718,0.0115458436163198
0.02080766593934129,0.007032306030421664,0.31947155212313627,0.061033220311973134
0.03825623632077431,0.011725358644493995,0.032656067087026834,0.010123082122232525
0.0069958707254744405,0.002726293148244873,0.5946035575013605,0.08032423517939204
0.014404666041848655,0.005169926768786895,0.016358059741510573,0.005793453325717865
0.022136081736494992,0.0071425213659984735,0.31947155212313627,0.061033220311973134
0.006780353863850766,0.0026423061555984335,0.537284965911771,0.09541207563138922
0.0069958707254744405,0.002726293148244873,0.0766491816317381,0.02026606190278874
0.0,0.0,0.5946035575013605,0.08032423517939204
0.0,0.0,0.4854917717073234,0.08621454270909737
0.0,0.0,0.537284965911771,0.09541207563138922
0.02080766593934129,0.007032306030421664,0.31947155212313627,0.061033220311973134
0.022136081736494992,0.0071425213659984735,0.0,0.0
0.0,0.0,0.537284965911771,0.09541207563138922
0.0,0.0,0.5946035575013605,0.08032423517939204
0.010472830131764166,0.003963309772704187,0.02777995297312079,0.009069679594861553
0.009903988952032526,0.0037608349674051354,0.015829953497405302,0.0056394557527273915
0.0,0.0,0.537284965911771,0.09541207563138922
0.007184179658855932,0.0028249320724583575,0.537284965911771,0.09541207563138922
0.02280989094255665,0.0074329656211111475,0.0,0.0
0.10052686727030012,0.024661542813423597,0.24028114141347542,0.0456496931223525
0.0,0.0,0.4854917717073234,0.08621454270909737
0.015546559220294487,0.0055115507281659525,0.025100721029456104,0.008240327289960273
0.01234900645161315,0.004481948617325524,0.015395261708959647,0.005441449325244747
0.0,0.0,0.4854917717073234,0.08621454270909737
0.0,0.0,0.4854917717073234,0.08621454270909737
0.02152486563482699,0.007198327059362491,0.044206362663008765,0.0130112238172785
0.0,0.0,0.537284965911771,0.09541207563138922
0.01418092904189326,0.004953704228849613,0.0,0.0
0.0,0.0,0.537284965911771,0.09541207563138922
0.021097337653830896,0.007032971752153578,0.04294505540697665,0.01282802380880789
0.0,0.0,0.24028114141347542,0.0456496931223525
0.016864061713968193,0.005890980314567029,0.537284965911771,0.09541207563138922
0.021400974501352636,0.00713419160304531,0.09754226655135786,0.02420085276747179
0.014559566602552731,0.005161643085971543,0.044482201682259866,0.013041059111423404
0.021400974501352636,0.00713419160304531,0.02444946265921213,0.007982331460393198
0.012788113365762797,0.0046413180884196095,0.015049079646796469,0.005319091408622044
0.0,0.0,0.5,0.06754436142034707
0.0,0.0,0.5,0.06754436142034707
0.0,0.0,0.537284965911771,0.09541207563138922
0.0,0.0,0.4854917717073234,0.08621454270909737
0.0,0.0,0.5,0.06754436142034707
0.0,0.0,0.5,0.06754436142034707
0.03445212396735862,0.010765110059632758,0.05146289116816479,0.01470076173346662
0.015827988563078387,0.005553441992533216,0.009184609143610868,0.00347177338329804
0.01449627218698422,0.005198105346967217,0.0817226776734007,0.021266156952555515
0.012559040227513241,0.004511565093308432,0.0135274854873582,0.004855101057691302
0.04579198758662441,0.013315698228827567,0.07500886492363075,0.019980323144645765
0.01162482092685862,0.004293786257941565,0.0050862457457684675,0.0020972618748264986
0.060156961187552566,0.01684242035850629,0.06196731632998475,0.017254982797994676
0.023740134756095852,0.007861968551135471,0.021972168567006668,0.007324603862386155
0.07140666754024698,0.01941464789263136,0.03935981280246153,0.011715333973303725
0.039926102567068,0.012125952075325347,0.0638900515137271,0.01769028243321231
0.0,0.0,0.537284965911771,0.09541207563138922
0.0,0.0,0.537284965911771,0.09541207563138922
0.020007394611802672,0.006790807638261291,0.019960459520897953,0.006765335502747247
0.025712466265455775,0.008362757756825568,0.06508218944205622,0.017806951589117437
0.07140666754024698,0.01941464789263136,0.04658866867880265,0.01354736244711446
0.016303009051766505,0.005807982834492928,0.19640732545025652,0.040445966468773985
0.024186689975087085,0.00803662770067992,0.03210622046944762,0.010006028952473685
0.007230816648124359,0.002847911830999554,0.01407564173442113,0.00504727474884085
0.011059262203568924,0.004061204953508729,0.537284965911771,0.09541207563138922
0.07140666754024698,0.01941464789263136,0.07237284027029228,0.019278157814660055
0.0,0.0,0.5,0.06754436142034707
0.0,0.0,0.5,0.06754436142034707
0.0,0.0,0.4854917717073234,0.08621454270909737
0.06500047106735819,0.01789281210796993,0.08607692533178168,0.02239923429105743
0.009379571030349679,0.0035754466029181003,0.06593597005998758,0.018150328821732932
0.01449627218698422,0.005198105346967217,0.028765075883374444,0.009300345926944054
0.0,0.0,0.5,0.06754436142034707
0.0,0.0,0.0737514944404804,0.019499912718377487
0.01311036721059785,0.00470961745454178,0.013193215406088187,0.004735129387668425
0.012934349209819776,0.004646386773397479,0.008857233694269849,0.003379973774496811
0.010886804734671102,0.004021189905353322,0.14172467456129012,0.03243156496790689
0.0,0.0,0.4854917717073234,0.08621454270909737
0.0,0.0,0.4854917717073234,0.08621454270909737
0.0,0.0,0.5946035575013605,0.08032423517939204
0.0,0.0,0.537284965911771,0.09541207563138922
0.0,0.0,0.5,0.06754436142034707
0.02323632572866829,0.007720845605801615,0.05920622573973188,0.01648614894395435
0.031047687558243768,0.009774667424877906,0.01825497493590582,0.0063025403892315035
0.007814266894986514,0.0030314151571002954,0.058193780397898284,0.016204230539351838
0.00576563385841139,0.002307016756455567,0.0069304748393074,0.0027137877148891323
0.025352304862139085,0.008229589618304358,0.05584506799191252,0.01571779953623458
0.034272019932834366,0.01073622805585771,0.12718249172769672,0.029575036463465397
0.0,0.0,0.537284965911771,0.09541207563138922
0.00576563385841139,0.002307016756455567,0.0073229848648727084,0.0028687052536167774
0.010993284190905204,0.004102101330818867,0.036942627550088175,0.011322743660999553
0.012863228881411302,0.004664734702936832,0.00156433451945907,0.0006711439424578066
0.02009319072943719,0.006790836932357398,0.00953508905909944,0.003626793685973301
0.0,0.0,0.537284965911771,0.09541207563138922
0.025339002691882603,0.008333467150155363,0.027376890455592696,0.008815335750360307
0.0,0.0,0.4854917717073234,0.08621454270909737
0.007940479505927175,0.0030971539118716325,0.31947155212313627,0.061033220311973134
0.016360295351361933,0.005655308513626597,0.07920431343524592,0.020252205910213088
0.025339002691882603,0.008333467150155363,0.08370875825692524,0.0215974444641001
0.0,0.0,0.537284965911771,0.09541207563138922
0.034272019932834366,0.01073622805585771,0.06686284897169704,0.017937653164438908
0.018982816234090864,0.006561842555753526,0.009379571030349679,0.0035754466029181003
0.0,0.0,0.4854917717073234,0.08621454270909737
0.0,0.0,0.11678449443205002,0.027946082390682747
0.008151040909617394,0.0031848620782298147,0.07039039474358821,0.018161213628502954
0.0,0.0,0.537284965911771,0.09541207563138922
0.03256829922692585,0.01015003760120424,0.11678449443205002,0.027946082390682747
0.02575736821303381,0.00810912914368328,0.03566310521531984,0.010796904962309825
0.01254059929017757,0.00452475591291562,0.017656228972397152,0.00607307840814591
0.06196731632998475,0.017254982797994676,0.07342884583519307,0.019699148168428958
0.0,0.0,0.5,0.06754436142034707
0.020255489587298614,0.006794873210887338,0.035559438013745594,0.010866372841355876
0.0,0.0,0.4854917717073234,0.08621454270909737
0.018286315996884978,0.006105644807316562,0.03562574842633399,0.010750651797762108
0.029647406527571578,0.00928749803392195,0.11374853510120092,0.02721958894643502
0.012913014068317399,0.0046303771485645484,0.024519890611359507,0.00803504588174167
0.026665193869222243,0.008586170046847797,0.3021375397356768,0.05883685791697665
0.00831013796500156,0.0032222822670059745,0.009621216571124778,0.003663573934513203
0.0,0.0,0.408248290463863,0.07249749990681824
0.0,0.0,0.537284965911771,0.09541207563138922
0.0,0.0,0.537284965911771,0.09541207563138922
0.015504258465749463,0.005474368094802205,0.03774811695851016,0.011353374796413754
0.01830716474431123,0.006222393928752361,0.05712555073098518,0.015906778824180928
0.06196731632998475,0.017254982797994676,0.16463248243504294,0.03632380731620866
0.015082861083561884,0.005250862604516262,0.027031483524871003,0.008571301706721353
0.0,0.0,0.537284965911771,0.09541207563138922
0.00831013796500156,0.0032222822670059745,0.03029429841403451,0.009713643668801786
0.0,0.0,0.5,0.06754436142034707
0.01688719010472185,0.005879011583079612,0.07101804539861696,0.01905238987522065
0.004013071182932142,0.001680896210035438,0.537284965911771,0.09541207563138922
0.01756775070166284,0.006034971667944756,0.011115703758790608,0.004093962327310828
0.004013071182932142,0.001680896210035438,0.025715335480058887,0.008379750917704008
0.0,0.0,0.408248290463863,0.07249749990681824
0.01268312381693694,0.004415431541127506,0.05648892151960283,0.015641010648029193
0.07920431343524592,0.020252205910213088,0.5946035575013605,0.08032423517939204
0.0,0.0,0.4854917717073234,0.08621454270909737
0.04708497829158307,0.013110951685220728,0.05584506799191252,0.01571779953623458
0.023882465317402627,0.007826164791515542,0.12175790049611575,0.028737215881880277
0.0,0.0,0.537284965911771,0.09541207563138922
0.029169997610562617,0.009332961009658452,0.09500653305583746,0.023571721262204533
0.0,0.0,0.5946035575013605,0.08032423517939204
0.01688719010472185,0.005879011583079612,0.051881834297164586,0.014956734444207186
0.0,0.0,0.4854917717073234,0.08621454270909737
0.05712555073098518,0.015906778824180928,0.05281500445756309,0.014864977023387864
0.0,0.0,0.408248290463863,0.07249749990681824
0.021115880752100094,0.0069195688253970945,0.12175790049611575,0.028737215881880277
0.0,0.0,0.537284965911771,0.09541207563138922
0.012913014068317399,0.0046303771485645484,0.010203784770832778,0.0038148808310527723
0.0,0.0,0.4854917717073234,0.08621454270909737
0.023225980090973375,0.0077046223293790374,0.3021375397356768,0.05883685791697665
0.0,0.0,0.408248290463863,0.07249749990681824
0.025352304862139085,0.008229589618304358,0.011586681584086957,0.004218923156551576
0.008222727783249952,0.0032029701781373563,0.014852022522296423,0.005320824925413675
0.0,0.0,0.537284965911771,0.09541207563138922
0.025352304862139085,0.008229589618304358,0.036329993963310214,0.010998803658147253
0.0,0.0,0.42044820762685725,0.08032423517939204
0.0070432992438559,0.0027567881866913343,0.00721313917195095,0.002823264519896881
0.022968129252074435,0.007692977397019851,0.35930411196308426,0.06826221297363252
0.020339779076496246,0.006874175675160666,0.0341902592017441,0.010569537169840153
0.010178087109738571,0.003862750153212775,0.010664983738835648,0.00400979058460325
0.01493017553169192,0.005308664149974926,0.023485528531172636,0.007790720857840795
0.009806091803945555,0.003740053190403825,0.026954500072733242,0.00874967681129538
0.4854917717073234,0.08621454270909737,0.07101804539861696,0.01905238987522065
0.007020057166943708,0.0027344981309417884,0.010399802920066457,0.0038440269029432392
0.0,0.0,0.4854917717073234,0.08621454270909737
0.023086018332710866,0.007551264548491276,0.05337507651464762,0.015099408245447084
0.0,0.0,0.5,0.06754436142034707
0.0,0.0,0.4854917717073234,0.08621454270909737
0.025352304862139085,0.008229589618304358,0.03476742286357028,0.010717843045819872
0.004875086136691688,0.0019843873729175473,0.013421267934892232,0.0048590044489237325
0.00868189562738455,0.003294921069477699,0.049424909830267136,0.014372103482991989
0.0,0.0,0.537284965911771,0.09541207563138922
0.03797251603506132,0.011532628531603015,0.05229996063452286,0.014939876919185184
0.0,0.0,0.537284965911771,0.09541207563138922
0.0423978729118032,0.012664576119444621,0.2730120862709067,0.05316510269988787
0.008429977779833979,0.0031993141353130338,0.017572617293647244,0.00611056782591829
0.025352304862139085,0.008229589618304358,0.537284965911771,0.09541207563138922
0.011000199559419903,0.00404251665889686,0.023882465317402627,0.007826164791515542
0.005020771124037312,0.0020436879557598647,0.012569202073580572,0.004550524517595801
0.004221948440012337,0.0017185298758956612,0.011887217392954147,0.00430362037907945
0.0,0.0,0.4854917717073234,0.08621454270909737
0.0,0.0,0.5946035575013605,0.08032423517939204
0.0,0.0,0.4854917717073234,0.08621454270909737
0.02422267694629851,0.007862902083608785,0.408248290463863,0.07249749990681824
0.03181401297343136,0.009750847127413321,0.036329993963310214,0.010998803658147253
0.0,0.0,0.537284965911771,0.09541207563138922
0.0,0.0,0.4854917717073234,0.08621454270909737
0.028832715521976752,0.009225047370992666,0.05584506799191252,0.01571779953623458
0.028120246514357187,0.008997092416814147,0.06508218944205622,0.017806951589117437
0.03774811695851016,0.011353374796413754,0.04551106935082866,0.013288972937607424
0.0,0.0,0.16233395773754944,0.03650514880574513
0.0,0.0,0.537284965911771,0.09541207563138922
0.013710036528770743,0.0049026662034170505,0.03902952615997031,0.011738779953119735
0.028510772515802606,0.009081770937451378,0.11020653793088321,0.027036187710831404
0.03774811695851016,0.011353374796413754,0.04551106935082866,0.013288972937607424
0.017078492929762833,0.005903569855635842,0.07500886492363075,0.019980323144645765
0.023393703209866477,0.007707311321406968,0.0894256643143163,0.022865761835455845
0.0,0.0,0.537284965911771,0.09541207563138922
0.015224970350322897,0.005262857582502386,0.03743376229463581,0.011369003694296949
0.061550934560379765,0.016840775047333587,0.09246523455174717,0.02318614225634142
0.011053097823822687,0.00409971985870728,0.02381981870926331,0.007791285183027411
0.0,0.0,0.5,0.06754436142034707
0.0,0.0,0.4854917717073234,0.08621454270909737
0.0,0.0,0.537284965911771,0.09541207563138922
0.01678580547667424,0.005908392069137633,0.030592708318981636,0.00965479488345147
0.016639190513994893,0.005856785449251837,0.03536440928283121,0.010870721659300378
0.0106385543461134,0.003935041005774543,0.0262868683212667,0.008464349537919769
0.017028028372842875,0.0058643751249069734,0.07997892972095699,0.02063512264325854
0.028832715521976752,0.009225047370992666,0.06615800099250344,0.017987596099844093
0.0,0.0,0.5946035575013605,0.08032423517939204
0.0,0.0,0.537284965911771,0.09541207563138922
0.016487196587670633,0.005778455646188902,0.01017205694884832,0.0037856867371668583
0.0,0.0,0.5946035575013605,0.08032423517939204
0.0,0.0,0.4854917717073234,0.08621454270909737
0.017430866011790405,0.00603991219385232,0.047633484413888344,0.013908706042930666
0.02127631510520666,0.007009714657704135,0.05135725620324518,0.01452858203521282
0.020577711683401292,0.006954589062767426,0.0509880007540396,0.0144955380902498
0.028832715521976752,0.009225047370992666,0.05649366788955774,0.015816791330654157
0.02930441491875803,0.009313446390430972,0.06971440809472865,0.018702656141630098
0.014197539054307203,0.005076995582555645,0.01036665369862742,0.0038732860002591647
0.021402974708591538,0.007284665879375137,0.17827531042796255,0.0393339025776861
0.013710036528770743,0.0049026662034170505,0.010252087454397773,0.0038304806898111347
0.012966152006211961,0.004636655423625133,0.03840485217860275,0.011550898850498667
0.015840710079816172,0.005575730395252857,0.03433825943620927,0.01055529183622184
0.0,0.0,0.4854917717073234,0.08621454270909737
0.023393703209866477,0.007707311321406968,0.02230115366776527,0.007334382247033924
0.0,0.0,0.537284965911771,0.09541207563138922
0.0,0.0,0.4854917717073234,0.08621454270909737
0.017951756900821136,0.0061825030069512675,0.03743376229463581,0.011369003694296949
0.025081720613609467,0.008248852464499253,0.009321420459532605,0.003547473843405435
0.026332488682575265,0.008564414697262194,0.05045905960442473,0.014546570394660237
0.0,0.0,0.537284965911771,0.09541207563138922
0.02772250888527783,0.008850391870581968,0.11374853510120092,0.02721958894643502
0.024025219625513877,0.007828999795124553,0.17657994853073264,0.03815541184761663
0.014248871780608324,0.0051411152967930545,0.009540017610833845,0.003632654934589196
0.040614925799324623,0.012131995877273014,0.08765398164106392,0.022412750114880822
0.0,0.0,0.5,0.06754436142034707
0.0161535062517405,0.0056300336510259185,0.0752421768074461,0.019894049491702318
0.048904826689536426,0.014279930743569699,0.09873345024742138,0.02475793019932229
0.02307962254350132,0.007603834011551625,0.2283945119649991,0.04576302950377294
0.013077639252574016,0.004738555231796377,0.015827988563078387,0.005553441992533216
0.048904826689536426,0.014279930743569699,0.09873345024742138,0.02475793019932229
0.010340274844944444,0.003875712628334081,0.013414805499537842,0.004835990929645004
0.0500841024750566,0.014624272553667552,0.1280220256953781,0.030215670400468755
0.015779791412412526,0.005548413031609522,0.05584506799191252,0.01571779953623458
0.0161535062517405,0.0056300336510259185,0.04876133773673124,0.014179145583231021
0.04359970845202385,0.012930120172132747,0.0,0.0
0.012176715535319821,0.004393463529409183,0.01473824501708447,0.005224987979961616
0.038499527524945405,0.011540133288371711,0.0894256643143163,0.022865761835455845
0.0420901903457757,0.012616425134268621,0.19820118583378685,0.041856451086776374
0.010340274844944444,0.003875712628334081,0.013558299765792137,0.00488772011573613
0.024025219625513877,0.007828999795124553,0.17657994853073264,0.03815541184761663
0.0161535062517405,0.0056300336510259185,0.05118527587107376,0.014755927368955323
0.0,0.0,0.1543909476981724,0.03471894974121068
0.015344197398128407,0.0054343787008598685,0.014574748143026405,0.0051566714555698655
0.02772250888527783,0.008850391870581968,0.11374853510120092,0.02721958894643502
0.0,0.0,0.537284965911771,0.09541207563138922
0.0,0.0,0.4854917717073234,0.08621454270909737
0.015827988563078387,0.005553441992533216,0.038506191225329035,0.011766851613156234
0.0,0.0,0.0,0.0
0.015827988563078387,0.005553441992533216,0.028510772515802606,0.009081770937451378
0.0,0.0,0.537284965911771,0.09541207563138922
0.0,0.0,0.4854917717073234,0.08621454270909737
0.02334117107766626,0.007676422185479336,0.14901603801006244,0.034100084074586624
0.010235283838219665,0.0038363601955673913,0.0044669899785303524,0.0018578677776451959
0.012685442044928677,0.004698698063294228,0.2626909894424158,0.05263495780525082
0.0,0.0,0.537284965911771,0.09541207563138922
0.048904826689536426,0.014279930743569699,0.049424909830267136,0.014372103482991989
0.02144890962653788,0.007269826109950502,0.010731157766289042,0.0040222222615084865
0.011101052248595842,0.004038855331608622,0.050966868329637996,0.014626851990728502
0.0,0.0,0.537284965911771,0.09541207563138922
0.024711104759736386,0.008183522565514334,0.05760960558721478,0.016297324714500933
0.022823870845533657,0.007532705007143461,0.008793084578131645,0.0033314513666945532
0.0,0.0,0.537284965911771,0.09541207563138922
0.020744376599619946,0.006881414111803004,0.06299804734081806,0.017341600848863905
0.019915818504226142,0.006875947567619104,0.06730900646889454,0.018300541190497267
0.0737261894120723,0.019638653246870957,0.059303454724549134,0.01660346023909819
0.022823870845533657,0.007532705007143461,0.009448784295641556,0.0035798774679824106
0.025258765202327397,0.008336308437841748,0.17657994853073264,0.03815541184761663
0.0,0.0,0.4854917717073234,0.08621454270909737
0.0,0.0,0.5946035575013605,0.08032423517939204
0.08157122123482033,0.020857414162749232,0.5946035575013605,0.08032423517939204
0.02372061793799288,0.007828664065062458,0.03315477723409247,0.010277677706583888
0.01426939598216093,0.005121377479232854,0.044482201682259866,0.013041059111423404
0.023273755539198315,0.00764055194607593,0.10569871139626612,0.025930314623390724
0.04488146421660841,0.013209925924489583,0.0,0.0
0.0,0.0,0.537284965911771,0.09541207563138922
0.022500045956562218,0.007425831051402071,0.023393703209866477,0.007707311321406968
0.007779879713869252,0.003031821711750199,0.009371100985444684,0.0035683347375219227
0.025410079055099642,0.008295956286637526,0.04849471244249187,0.014041669453142381
0.018586744302916968,0.006317419792798962,0.004866500171954793,0.001984998720807691
0.0,0.0,0.5,0.06754436142034707
0.0,0.0,0.4854917717073234,0.08621454270909737
0.016388515004966728,0.005815799984735213,0.0,0.0
0.0,0.0,0.5,0.06754436142034707
0.0,0.0,0.4854917717073234,0.08621454270909737
0.0,0.0,0.5,0.06754436142034707
0.0,0.0,0.4854917717073234,0.08621454270909737
0.022500045956562218,0.007425831051402071,0.11678449443205002,0.027946082390682747
0.014275769212112705,0.005066048897092067,0.0,0.0
0.0,0.0,0.31947155212313627,0.061033220311973134
0.022500045956562218,0.007425831051402071,0.02307962254350132,0.007603834011551625
0.08157122123482033,0.020857414162749232,0.5946035575013605,0.08032423517939204
0.0,0.0,0.0,0.0
0.0,0.0,0.4854917717073234,0.08621454270909737
0.0,0.0,0.5,0.06754436142034707
0.04488146421660841,0.013209925924489583,0.0,0.0
0.051935912157243,0.014540735552242934,0.16990442448471224,0.036712963985365485
0.04488146421660841,0.013209925924489583,0.0,0.0
0.0,0.0,0.0,0.0
0.08157122123482033,0.020857414162749232,0.5946035575013605,0.08032423517939204
0.013290313076981657,0.004811593858487534,0.023433042151326248,0.00773375362752899
0.0065323071437697455,0.002611950762699568,0.016407403131975827,0.005705385146091322
0.01803602696668412,0.005982988685795144,0.013050762325054888,0.004662568500396709
0.01893747685540842,0.006445514858019867,0.034862659339228,0.010716487951171456
0.02177612543886446,0.007223670288464574,0.062036188607743056,0.017176973121006384
0.013290313076981657,0.004811593858487534,0.010188170219991344,0.0038210871352518374
0.014060603916950121,0.00501863794721244,0.020339779076496246,0.006874175675160666
0.007300288553252607,0.0028717651766213,0.31947155212313627,0.061033220311973134
0.01803602696668412,0.005982988685795144,0.013968851760376847,0.004990568871184334
0.0,0.0,0.537284965911771,0.09541207563138922
0.013290313076981657,0.004811593858487534,0.019510009771027514,0.006658437898959663
0.0065323071437697455,0.002611950762699568,0.015010508083801308,0.005362715251669239
0.01753268146793738,0.0059836090359043324,0.037055196544516195,0.011144967442669284
0.07920431343524592,0.020252205910213088,0.5946035575013605,0.08032423517939204
0.007300288553252607,0.0028717651766213,0.044206362663008765,0.0130112238172785
0.0,0.0,0.5946035575013605,0.08032423517939204
0.01803602696668412,0.005982988685795144,0.013440765720044462,0.004801902701666711
0.005760866946915349,0.002342125355006724,0.007051862528662301,0.0027863079279897176
0.012695186971330315,0.004572584528086517,0.01418107241721498,0.005027459703446514
0.013290313076981657,0.004811593858487534,0.019920972229976287,0.006798692467964422
0.014060603916950121,0.00501863794721244,0.02009319072943719,0.006790836932357398
0.007300288553252607,0.0028717651766213,0.044206362663008765,0.0130112238172785
0.02177612543886446,0.007223670288464574,0.01379950104850581,0.004930065946142648
0.0,0.0,0.537284965911771,0.09541207563138922
0.0,0.0,0.537284965911771,0.09541207563138922
0.006709902189063119,0.002661456488896259,0.2527600769504432,0.05064511734253788
0.01860004213921383,0.0063478812648214075,0.041268699387254366,0.012412248590280978
0.014974180957905349,0.005313894599969278,0.06299804734081806,0.017341600848863905
0.0,0.0,0.537284965911771,0.09541207563138922
0.0,0.0,0.4854917717073234,0.08621454270909737
0.01753268146793738,0.0059836090359043324,0.10569871139626612,0.025930314623390724
0.0309962879845278,0.009225955100292914,0.18221085232151557,0.03847958626277426
0.07042369988408351,0.01800704038900026,0.5,0.06754436142034707
0.021318848782998164,0.007095326729117858,0.11468801613122626,0.027799387291826745
0.01303402273135301,0.004694627248476625,0.05015113522473638,0.014392746820440934
0.08157122123482033,0.020857414162749232,0.5946035575013605,0.08032423517939204
0.019181881942889754,0.006528699995869241,0.0326012400762974,0.010021346709996156
0.0,0.0,0.4854917717073234,0.08621454270909737
0.0,0.0,0.4854917717073234,0.08621454270909737
0.0039340177431863325,0.0016401400215943227,0.0,0.0
0.0,0.0,0.537284965911771,0.09541207563138922
0.0,0.0,0.4854917717073234,0.08621454270909737
0.021448571595161697,0.007115012714128362,0.059999429499275836,0.016613022348960733
0.014974180957905349,0.005313894599969278,0.03902952615997031,0.011738779953119735
0.01803602696668412,0.005982988685795144,0.013968851760376847,0.004990568871184334
0.01036665369862742,0.0038732860002591647,0.06724444140038396,0.01816356156873223
0.008449356521262434,0.003265444720024998,0.021143378983653878,0.007103543266905134
0.007725467035945159,0.002982806688077748,0.021681095203757137,0.007180080921922485
0.0,0.0,0.04806951228409178,0.01397797198409552
0.0,0.0,0.0640227418473288,0.01762367059346723
0.008449356521262434,0.003265444720024998,0.009947422434796393,0.003762300815246343
0.02220286496810671,0.007389544476568447,0.038489267689789386,0.0116895711179612
0.011138751290797284,0.0039039250818380124,0.3021375397356768,0.05883685791697665
0.008449356521262434,0.003265444720024998,0.0,0.0
0.061088124563337405,0.017010169246140128,0.09001038613210942,0.022797971675477674
0.0,0.0,0.5946035575013605,0.08032423517939204
0.0,0.0,0.4854917717073234,0.08621454270909737
0.007513608701766344,0.0029010080792462906,0.02075404761134435,0.006951389789672387
0.03971831498934163,0.012024608334408084,0.15922730336659047,0.03513123170726382
0.0115652817127458,0.0042748169735151356,0.03806095812063853,0.01163079578136802
0.015752573143346337,0.005520983797223812,0.01518180208419231,0.005376863953605551
0.14498922073576034,0.03260471901230355,0.06508218944205622,0.017806951589117437
0.006398670956763169,0.0025465611552135444,0.007617429624553502,0.0029802271787252787
0.03278319280519962,0.009956579762931616,0.037792813900515365,0.011328297716692382
0.023673228248624823,0.006883858510498897,0.06724444140038396,0.01816356156873223
0.0,0.0,0.5,0.06754436142034707
0.0,0.0,0.18221085232151557,0.03847958626277426
0.03278319280519962,0.009956579762931616,0.04604158127774968,0.013331364036209343
0.06944845613840561,0.018882232837067293,0.09469491246884826,0.023745245681778555
0.019904066728580673,0.006736616686246126,0.040614925799324623,0.012131995877273014
0.03278319280519962,0.009956579762931616,0.0817226776734007,0.021266156952555515
0.0,0.0,0.5,0.06754436142034707
0.03278319280519962,0.009956579762931616,0.10052686727030012,0.024661542813423597
0.03662208103825748,0.011191098876034734,0.07997892972095699,0.02063512264325854
0.03278319280519962,0.009956579762931616,0.047633484413888344,0.013908706042930666
0.023669053416557548,0.0070947372291694415,0.08370875825692524,0.0215974444641001
0.03433825943620927,0.01055529183622184,0.12175790049611575,0.028737215881880277
0.0,0.0,0.537284965911771,0.09541207563138922
0.034862659339228,0.010716487951171456,0.035471741665693245,0.010871923973065726
0.04876133773673124,0.014179145583231021,0.2626909894424158,0.05263495780525082
0.03278319280519962,0.009956579762931616,0.11374853510120092,0.02721958894643502
0.0,0.0,0.4854917717073234,0.08621454270909737
0.0,0.0,0.4854917717073234,0.08621454270909737
0.019920972229976287,0.006798692467964422,0.05337507651464762,0.015099408245447084
0.026665193869222243,0.008586170046847797,0.044542707410866134,0.013160531953414895
0.018036635655805693,0.006196045641604341,0.03566310521531984,0.010796904962309825
0.028404790710746187,0.00912718010787504,0.42044820762685725,0.08032423517939204
0.0,0.0,0.537284965911771,0.09541207563138922
0.034859155090548516,0.010519319730716391,0.03840485217860275,0.011550898850498667
0.0097039863666579,0.003621004851475392,0.04658866867880265,0.01354736244711446
0.004584725323528084,0.0018765443246339935,0.2076754618603198,0.04276640266616225
0.005571112896279689,0.0022494898091504818,0.009899241150022678,0.0037104056237756014
0.0054455309883292185,0.0021944984650350166,0.0377498610529585,0.011236136510627963
0.024094722606874164,0.007758480457666499,0.11468801613122626,0.027799387291826745
0.034859155090548516,0.010519319730716391,0.05025215295380627,0.014215956626384231
0.01769028735271922,0.006029248215306157,0.06508218944205622,0.017806951589117437
0.004649718724296653,0.0018998849641540044,0.537284965911771,0.09541207563138922
0.01781785923364501,0.006080935406593706,0.2173604359724957,0.044760819815797624
0.030474659835783922,0.009663084292871932,0.24149779367932211,0.048388512325272214
0.034859155090548516,0.010519319730716391,0.04304171195530781,0.012567934648012508
0.005260582597074297,0.002153175102148005,0.06971440809472865,0.018702656141630098
0.005571112896279689,0.0022494898091504818,0.08789100965204209,0.02226117267884486
0.01781785923364501,0.006080935406593706,0.07101804539861696,0.01905238987522065
0.034859155090548516,0.010519319730716391,0.029324033668863447,0.009276483452624744
0.0,0.0,0.4854917717073234,0.08621454270909737
0.038769626656644726,0.011917456809436533,0.10794826279897717,0.02678264619909053
0.0358456683334169,0.011018656639440887,0.10209116374860236,0.025329462909690664
0.015895175264477337,0.005600775679461774,0.058411419334947166,0.016353712999381424
0.0,0.0,0.537284965911771,0.09541207563138922
0.049943907671134206,0.014461284692593453,0.11374853510120092,0.02721958894643502
0.034859155090548516,0.010519319730716391,0.03935981280246153,0.011715333973303725
0.061550934560379765,0.016840775047333587,0.12175790049611575,0.028737215881880277
0.005482812151088663,0.0022402887109499135,0.005663283807086255,0.0023072787179856343
0.0326012400762974,0.010021346709996156,0.10610231307892079,0.026324654407729818
0.005571112896279689,0.0022494898091504818,0.537284965911771,0.09541207563138922
0.02599460075167371,0.008486792624960389,0.014722298111344238,0.0052743503878082566
0.0,0.0,0.408248290463863,0.07249749990681824
0.03630828876441446,0.011160862264849756,0.10794826279897717,0.02678264619909053
0.02801604702578865,0.008883492889570289,0.05489009951948633,0.015449020151541327
0.012876522173639616,0.004653921530996631,0.013311351149601126,0.0047421981264504
0.05135725620324518,0.01452858203521282,0.058193780397898284,0.016204230539351838
0.01279953060179062,0.004630015359132892,0.010465739156402415,0.003905249948600336
0.016187049563106414,0.005660791651033006,0.02511198510640817,0.008213943181686546
0.015710522687158876,0.005475639160035628,0.03499030336352732,0.010692454757953777
0.02916476857870307,0.00944848058251092,0.0453940723141225,0.013511413792470742
0.012876522173639616,0.004653921530996631,0.16990442448471224,0.036712963985365485
0.0,0.0,0.537284965911771,0.09541207563138922
0.034862659339228,0.010716487951171456,0.05675341573922364,0.01597345734658041
0.012876522173639616,0.004653921530996631,0.0032613156606712142,0.0013925254563656865
0.015636098694345783,0.0054861151018980306,0.5,0.06754436142034707
0.07101804539861696,0.01905238987522065,0.07101804539861696,0.01905238987522065
0.008057322512307173,0.003069746075087056,0.021097337653830896,0.007032971752153578
0.049235303926140186,0.014256108106130249,0.04849471244249187,0.014041669453142381
0.01279953060179062,0.004630015359132892,0.0329170335207441,0.01028544681376284
0.04690254423395986,0.013580656312286657,0.04690254423395986,0.013580656312286657
0.015636098694345783,0.0054861151018980306,0.5,0.06754436142034707
0.0,0.0,0.537284965911771,0.09541207563138922
0.009061930838113704,0.003452490151724655,0.021692211167792026,0.007231277751158775
0.00936005892804516,0.0035602187258205187,0.408248290463863,0.07249749990681824
0.008057322512307173,0.003069746075087056,0.020779994053849882,0.006927182642123954
0.035471741665693245,0.010871923973065726,0.041657027182697995,0.01235399012080052
0.0,0.0,0.5,0.06754436142034707
0.011997445149225605,0.004347157417487514,0.008382064364880822,0.0031899809924083697
0.035471741665693245,0.010871923973065726,0.035471741665693245,0.010871923973065726
0.0,0.0,0.537284965911771,0.09541207563138922
0.0,0.0,0.408248290463863,0.07249749990681824
0.4518010018049224,0.08631400792049747,0.4854917717073234,0.08621454270909737
0.0,0.0,0.537284965911771,0.09541207563138922
0.009061930838113704,0.003452490151724655,0.008866936596681512,0.00337819961583178
0.021007272473677483,0.007089432351560081,0.0,0.0
0.012876522173639616,0.004653921530996631,0.1825741858350554,0.03945064720679432
0.42044820762685725,0.08032423517939204,0.4854917717073234,0.08621454270909737
0.009061930838113704,0.003452490151724655,0.009061930838113704,0.003452490151724655
0.008057322512307173,0.003069746075087056,0.007919539727755144,0.003017252438218591
0.013672241385339252,0.004949866289861535,0.013233866526723542,0.004807032815069538
0.036350988565006605,0.011237502545130526,0.2626909894424158,0.05263495780525082
0.028666041734959215,0.009286908551298859,0.0453940723141225,0.013511413792470742
0.4518010018049224,0.08631400792049747,0.537284965911771,0.09541207563138922
0.012573982801388358,0.004559842203579903,0.03370516808968691,0.010419576664732727
0.012573982801388358,0.004559842203579903,0.03319817902997472,0.01026284665342421
0.0,0.0,0.537284965911771,0.09541207563138922
0.016192088285404468,0.005681190801510248,0.016236356758994076,0.005665334654912616
0.016013142716754938,0.00561840557574668,0.5,0.06754436142034707
0.006482203685370372,0.002550991359109516,0.009477518835044819,0.003547866103389384
0.4518010018049224,0.08631400792049747,0.4518010018049224,0.08631400792049747
0.044951410478340934,0.013071269635489272,0.12718249172769672,0.029575036463465397
0.010254357791101273,0.0039089110376866465,0.05370468098539559,0.015267871603827098
0.026650052576570885,0.008780151226885122,0.07981366156683993,0.02093930378939657
0.014200377622768597,0.004943639765446709,0.010594562487383793,0.003615745825696601
0.021855141522178843,0.007261912892600757,0.04488146421660841,0.013209925924489583
0.010254357791101273,0.0039089110376866465,0.014817130432274414,0.005303458136998367
0.021855141522178843,0.007261912892600757,0.11960059942066861,0.028619965532579963
0.0,0.0,0.537284965911771,0.09541207563138922
0.010254357791101273,0.0039089110376866465,0.013621724580840287,0.004875589534587028
0.014200377622768597,0.004943639765446709,0.020859868780215472,0.007109512926894452
0.057620130773656845,0.0162173974769467,0.31947155212313627,0.061033220311973134
0.021855141522178843,0.007261912892600757,0.049235303926140186,0.014256108106130249
0.022713827358071308,0.007547232561477445,0.05229996063452286,0.014939876919185184
0.022438457349255248,0.007455734045431342,0.06730900646889454,0.018300541190497267
0.010254357791101273,0.0039089110376866465,0.009024980645227002,0.0034402784823492584
0.018094693105750764,0.006299384900702622,0.016279464778140323,0.005667441498764364
0.016489565840896968,0.005740584903552486,0.01825258178277921,0.006220890816769877
0.022438457349255248,0.007455734045431342,0.04488146421660841,0.013209925924489583
0.014200377622768597,0.004943639765446709,0.018350320512112037,0.006262655477361594
0.030474659835783922,0.009663084292871932,0.044951410478340934,0.013071269635489272
0.0172585590424025,0.006008297880721874,0.0202981010241514,0.006918049827786274
0.012393156590746711,0.0045544211906145635,0.04658866867880265,0.01354736244711446
0.010254357791101273,0.0039089110376866465,0.013621724580840287,0.004875589534587028
0.0,0.0,0.537284965911771,0.09541207563138922
0.012393156590746711,0.0045544211906145635,0.04579198758662441,0.013315698228827567
0.014200377622768597,0.004943639765446709,0.015594868530133709,0.005429110003305071
0.023882465317402627,0.007826164791515542,0.03262207444688115,0.010139888850148913
0.0,0.0,0.4854917717073234,0.08621454270909737
0.0659122085048826,0.017803708862435663,0.06833324073248963,0.018332123005712218
0.02439212298778325,0.007948561089165213,0.06724444140038396,0.01816356156873223
0.12718249172769672,0.029575036463465397,0.07101804539861696,0.01905238987522065
0.023882465317402627,0.007826164791515542,0.0316171091780341,0.00982751643677091
0.0,0.0,0.5,0.06754436142034707
0.023882465317402627,0.007826164791515542,0.07679634266158697,0.020147703003938672
0.02337142324894814,0.007586577361720487,0.07000535462384325,0.018217034748905674
0.07660389406004603,0.019587289741442658,0.19820118583378685,0.041856451086776374
0.010883946853367694,0.004005684194181566,0.01830716474431123,0.006222393928752361
0.0,0.0,0.5,0.06754436142034707
0.03721986768863316,0.011537818567880902,0.07044797136791557,0.019153989479867076
0.024267551529031976,0.00783027038659756,0.028663823019518867,0.009001937918643533
0.03712045520336763,0.011343393732058416,0.03673982449944738,0.011357706836001522
0.010941764425254314,0.0040240106447817356,0.008478414125739415,0.003233675600281237
0.025950895731997218,0.008373425317046993,0.03019105374440748,0.009481568153714776
0.010883946853367694,0.004005684194181566,0.018854248219213512,0.006408341285445621
0.041138655897425595,0.012108308107224344,0.11044795567078944,0.026429772925499626
0.0326012400762974,0.010021346709996156,0.13309426770177107,0.030456625871166064
0.0326012400762974,0.010021346709996156,0.04097542897692061,0.01236500533050375
0.042334599404591645,0.012554933901514657,0.1344791119656338,0.031271793671675166
0.03151640522632923,0.009897797759671992,0.5946035575013605,0.08032423517939204
0.011371665010528647,0.004182113530578567,0.008478414125739415,0.003233675600281237
0.010883946853367694,0.004005684194181566,0.018586744302916968,0.006317419792798962
0.0,0.0,0.4854917717073234,0.08621454270909737
0.0,0.0,0.5,0.06754436142034707
0.0,0.0,0.4854917717073234,0.08621454270909737
0.0,0.0,0.4854917717073234,0.08621454270909737
0.015829953497405302,0.0056394557527273915,0.0340872222779906,0.01070516862166368
0.04849471244249187,0.014041669453142381,0.1344791119656338,0.031271793671675166
0.003958343612697099,0.001663178306253559,0.0,0.0
0.003958343612697099,0.001663178306253559,0.2730120862709067,0.05316510269988787
0.007387777841612271,0.0028738542871026584,0.0,0.0
0.007387777841612271,0.0028738542871026584,0.07082727739943079,0.019131330218513674
0.0,0.0,0.5,0.06754436142034707
0.0,0.0,0.5,0.06754436142034707
0.05388251361725397,0.015165431397936123,0.05388251361725397,0.015165431397936123
0.010243370343032372,0.0037862055154383413,0.31947155212313627,0.061033220311973134
0.0,0.0,0.537284965911771,0.09541207563138922
0.0,0.0,0.5,0.06754436142034707
0.007387777841612271,0.0028738542871026584,0.19070828081828378,0.040274087131889284
0.0,0.0,0.0,0.0
0.0,0.0,0.14991106946711685,0.03371152884335578
0.010243370343032372,0.0037862055154383413,0.31947155212313627,0.061033220311973134
0.04123518039288797,0.012317270773727348,0.01781785923364501,0.006080935406593706
0.02323632572866829,0.007720845605801615,0.008279530286219045,0.003156116451363529
0.0,0.0,0.5,0.06754436142034707
0.0,0.0,0.5946035575013605,0.08032423517939204
0.0,0.0,0.5,0.06754436142034707
0.007387777841612271,0.0028738542871026584,0.0,0.0
0.007387777841612271,0.0028738542871026584,0.048388681826995815,0.013886944799752207
0.0,0.0,0.537284965911771,0.09541207563138922
0.02323632572866829,0.007720845605801615,0.008398690841750654,0.0032015398723386178
0.0,0.0,0.4854917717073234,0.08621454270909737
0.0065676890353618044,0.0026214342147038473,0.04476338885968323,0.01327522632185732
